-50  7.95509e-06
-49  8.22407e-06
-48  8.50755e-06
-47  8.80664e-06
-46  9.1226e-06
-45  9.45681e-06
-44  9.81079e-06
-43  1.01863e-05
-42  1.05851e-05
-41  1.10095e-05
-40  1.1462e-05
-39  1.19452e-05
-38  1.24623e-05
-37  1.30169e-05
-36  1.36133e-05
-35  1.42562e-05
-34  1.49514e-05
-33  1.57056e-05
-32  1.65268e-05
-31  1.74246e-05
-30  1.84109e-05
-29  1.95001e-05
-28  2.07106e-05
-27  2.20656e-05
-26  2.35958e-05
-25  2.53419e-05
-24  2.736e-05
-23  2.97305e-05
-22  3.25728e-05
-21  3.60754e-05
-20  4.05579e-05
-19  4.66213e-05
-18  5.55843e-05
-17  7.12369e-05
-16  0.000114049
-15  0.00108136
-14  0.00189796
-13  0.00234788
-12  -0.000846581
-11  -0.0118337
-10  0.00136743
-9  -0.00446212
-8  0.000614693
-7  0.0010999
-6  0.00229456
-5  -0.00303971
-4  -0.0020913
-3  0.00221848
-2  0.0159553
-1  -0.00353943
0  -0.00501963
1  0.00025858
2  -2.35237e-05
3  0.00561337
4  0.00857607
5  0.0165574
6  -0.011861
7  -0.000756342
8  -0.0186371
9  -0.0132545
10  -0.0339897
11  -0.000307829
12  -0.0203153
13  0.0101204
14  0.0163325
15  0.214884
16  0.0947347
17  0.0774129
18  0.0748835
19  0.0822183
20  0.137832
21  0.017989
22  0.00386158
23  0.00176008
24  0.00103639
25  0.000693927
26  0.000501902
27  0.000382213
28  0.000302014
29  0.00024537
30  0.000203726
31  0.000172129
32  0.000147536
33  0.000127987
34  0.000112169
35  9.9176e-05
36  8.83634e-05
37  7.92624e-05
38  7.15251e-05
39  6.48884e-05
40  5.91505e-05
41  5.41541e-05
42  4.97752e-05
43  4.59149e-05
44  4.24937e-05
45  3.94465e-05
46  3.67203e-05
47  3.4271e-05
48  3.2062e-05
49  3.00626e-05
50  2.82467e-05
